Toys: 329363.3499999997
Groceries: 336893.4200000001
Furniture: 266155.9800000001
Electronics: 305313.1999999999
Clothing: 320382.1800000001
